0.015588 0.301491 0.239897 0.875870 0.463463 0.944199 0.703696 0.255496 0.598025 0.950324
0.534747 0.546134 0.189146 0.822202 0.967884 0.878778 0.937274 0.876532 0.244010 0.523417
0.176616 0.954138 0.548770 0.971710 0.850255 0.076883 0.627444 0.866642 0.292819 0.941340
0.608842 0.581801 0.929941 0.485190 0.299415 0.251381 0.571180 0.823477 0.402604 0.939487
0.560097 0.474566 0.909594 0.082449 0.992779 0.776970 0.904190 0.976682 0.023564 0.526526
0.477097 0.068131 0.080913 0.297070 0.216468 0.501922 0.609710 0.073766 0.779778 0.935157
0.712511 0.036783 0.301401 0.981555 0.892361 0.765266 0.438522 0.102679 0.333818 0.454234
0.212712 0.598203 0.734614 0.841287 0.280494 0.474842 0.195291 0.220240 0.250171 0.004661
0.159388 0.318398 0.234311 0.606774 0.225791 0.632123 0.687899 0.234933 0.525489 0.891131
0.226465 0.284943 0.077309 0.613128 0.669438 0.740854 0.193385 0.631527 0.867138 0.101135
0.687575 0.576653 0.618722 0.811393 0.860629 0.635692 0.475098 0.114645 0.541601 0.175197
0.506396 0.104343 0.529926 0.482861 0.430919 0.576454 0.688897 0.310847 0.989013 0.419298
0.583774 0.043625 0.692470 0.134876 0.400547 0.951735 0.002435 0.279311 0.402105 0.149799
0.193760 0.965705 0.301806 0.227274 0.801056 0.252481 0.311818 0.606886 0.058774 0.212318
0.375210 0.789528 0.253198 0.247561 0.821628 0.753510 0.899909 0.518579 0.023122 0.744327
0.006903 0.816188 0.895312 0.762250 0.146288 0.670844 0.315967 0.897354 0.466100 0.711423
0.571289 0.444815 0.400355 0.843054 0.929153 0.101527 0.296184 0.824748 0.535176 0.915736
0.348522 0.261944 0.185322 0.662900 0.545560 0.277032 0.851165 0.604230 0.336897 0.417109
0.966219 0.005635 0.960078 0.026570 0.898383 0.496219 0.965786 0.130779 0.499318 0.267572
0.017033 0.943691 0.041722 0.811939 0.276366 0.182798 0.019496 0.750975 0.418069 0.393964
0.327281 0.014674 0.317370 0.240693 0.241070 0.238731 0.027919 0.070859 0.433135 0.332106
0.955227 0.975062 0.797702 0.953990 0.358744 0.308895 0.654982 0.645766 0.955979 0.909825
0.797150 0.442266 0.300487 0.482367 0.082104 0.043501 0.567308 0.844870 0.400181 0.644284
0.358240 0.674272 0.126035 0.454151 0.138889 0.984810 0.214531 0.209063 0.533055 0.089590
0.697856 0.134664 0.356071 0.487276 0.721348 0.672069 0.546737 0.047869 0.020120 0.929958
0.227154 0.684180 0.351244 0.251607 0.756586 0.138789 0.327292 0.495779 0.272276 0.302067
0.094846 0.914050 0.170615 0.291127 0.737943 0.875936 0.299812 0.510022 0.086949 0.427760
0.319509 0.720482 0.919358 0.744757 0.812121 0.136809 0.808789 0.482703 0.798809 0.116784
0.589680 0.754546 0.159278 0.193373 0.360667 0.888424 0.294573 0.934931 0.918933 0.642597
0.781583 0.388189 0.262082 0.992779 0.560743 0.046779 0.579063 0.415179 0.947687 0.511195
0.015056 0.873432 0.180909 0.548685 0.330925 0.791404 0.505363 0.306342 0.337092 0.930569
0.698609 0.719238 0.174805 0.829807 0.284268 0.620131 0.885976 0.391937 0.186318 0.932429
0.270645 0.549941 0.162668 0.692573 0.376575 0.677579 0.222361 0.183356 0.395560 0.847598
0.171134 0.025025 0.402000 0.004520 0.854283 0.433990 0.291433 0.364502 0.742703 0.444047
0.582190 0.161142 0.009145 0.436798 0.422640 0.030883 0.222942 0.053789 0.046613 0.473884
0.184698 0.286255 0.581721 0.560983 0.578886 0.384403 0.224403 0.887163 0.071597 0.127946
0.426838 0.315942 0.222561 0.938718 0.373028 0.638954 0.420756 0.280015 0.740966 0.993895
0.964856 0.085175 0.772712 0.023942 0.681027 0.412419 0.931193 0.624026 0.054904 0.459037
0.855583 0.602886 0.192212 0.192559 0.249638 0.725757 0.591745 0.116387 0.541950 0.988262
0.668539 0.195515 0.304855 0.282557 0.938083 0.687810 0.106104 0.012879 0.581955 0.195608
0.728837 0.456876 0.900023 0.014882 0.693178 0.401283 0.476855 0.621664 0.953555 0.067661
0.389699 0.511072 0.631349 0.423567 0.608951 0.878486 0.164865 0.175330 0.799186 0.092778
0.392704 0.377779 0.730361 0.317593 0.081239 0.494966 0.983076 0.922599 0.198004 0.848384
0.992043 0.674011 0.608339 0.348616 0.982505 0.662159 0.036866 0.322426 0.671001 0.133574
0.085417 0.336880 0.373880 0.632038 0.267742 0.358182 0.610500 0.435211 0.172097 0.884839
0.049585 0.007706 0.688597 0.642448 0.803865 0.630378 0.422657 0.305389 0.482606 0.367202
0.284810 0.204076 0.617813 0.545977 0.406341 0.499113 0.722875 0.739491 0.773316 0.186949
0.440776 0.989811 0.184752 0.631042 0.520975 0.285198 0.120568 0.083398 0.608077 0.366220
0.030726 0.498297 0.771634 0.232386 0.669320 0.884970 0.911019 0.213172 0.929391 0.804726
0.213049 0.784002 0.405432 0.319379 0.910145 0.814130 0.414130 0.041840 0.042830 0.402730
0.047716 0.185772 0.241427 0.265899 0.484639 0.031522 0.426325 0.534300 0.091545 0.059437
0.140286 0.019568 0.852532 0.540614 0.152587 0.015136 0.806833 0.244221 0.138298 0.652947
0.589575 0.243612 0.557098 0.376390 0.298296 0.714496 0.401901 0.228178 0.646583 0.085436
0.422770 0.693613 0.494148 0.947169 0.815884 0.292347 0.623307 0.443131 0.184824 0.835871
0.014360 0.797178 0.172734 0.506742 0.594039 0.203256 0.658664 0.085686 0.313168 0.308077
0.200668 0.756900 0.630621 0.703461 0.794363 0.829930 0.438928 0.895305 0.576502 0.515629
0.162907 0.977622 0.432339 0.450607 0.954517 0.835150 0.823577 0.633674 0.797680 0.231983
0.878667 0.363333 0.188337 0.566357 0.347315 0.676418 0.974494 0.122588 0.547022 0.310228
0.632649 0.470963 0.710544 0.381094 0.572003 0.327831 0.780364 0.684753 0.326559 0.329491
0.435596 0.019066 0.694666 0.168664 0.585938 0.653616 0.551721 0.145545 0.701863 0.953074
0.878485 0.056350 0.098545 0.214828 0.739809 0.048765 0.532289 0.906799 0.292365 0.786508
0.253459 0.161282 0.363169 0.852281 0.520625 0.030572 0.257688 0.026468 0.747361 0.530703
0.293639 0.090796 0.882461 0.527678 0.453265 0.904987 0.872867 0.149374 0.146082 0.274202
0.107374 0.829446 0.809439 0.407123 0.317856 0.285107 0.986020 0.339308 0.966913 0.904274
0.551531 0.939461 0.676725 0.644287 0.748372 0.033559 0.544660 0.222517 0.937851 0.141472
0.833500 0.584621 0.341681 0.697712 0.419929 0.820972 0.377556 0.459624 0.537695 0.552637
0.503914 0.876010 0.935032 0.366207 0.558339 0.820838 0.810106 0.629007 0.510990 0.332322
0.082510 0.857373 0.254567 0.274549 0.311538 0.691281 0.302628 0.860033 0.833826 0.056525
0.392385 0.244171 0.902610 0.947195 0.003791 0.052402 0.940519 0.168773 0.599788 0.601559
0.383714 0.804230 0.700390 0.884934 0.991446 0.328339 0.084207 0.876878 0.575790 0.828258
0.664102 0.045899 0.017912 0.740281 0.269852 0.919903 0.575063 0.845986 0.741367 0.439402
0.863285 0.659532 0.173898 0.041207 0.178883 0.646835 0.964695 0.495173 0.628841 0.689845
0.498065 0.753569 0.517673 0.936359 0.523515 0.122021 0.908270 0.314084 0.407161 0.148029
0.787324 0.132436 0.491293 0.013571 0.324562 0.611129 0.797865 0.137028 0.525553 0.303715
0.615438 0.053395 0.149451 0.478183 0.278159 0.191207 0.169982 0.029226 0.905202 0.995390
0.682668 0.487973 0.377878 0.973147 0.696409 0.143148 0.784500 0.892299 0.257798 0.178464
0.032728 0.078984 0.710331 0.201092 0.688305 0.930587 0.934367 0.176179 0.747015 0.895868
0.719745 0.161553 0.856635 0.728916 0.754587 0.076508 0.905954 0.348144 0.225765 0.246783
0.790865 0.830445 0.764384 0.886493 0.202360 0.895680 0.064131 0.986856 0.617300 0.952568
0.010700 0.267568 0.235069 0.942232 0.393980 0.801955 0.887229 0.905219 0.594254 0.135596
0.437145 0.598280 0.537421 0.670004 0.005619 0.781724 0.523910 0.902421 0.220829 0.333807
0.215591 0.024351 0.897490 0.431551 0.809068 0.052875 0.558177 0.924865 0.522843 0.957380
0.261199 0.356973 0.064661 0.558417 0.290487 0.213443 0.587149 0.514627 0.245024 0.699745
0.906494 0.458189 0.466321 0.293443 0.686028 0.797674 0.392506 0.202313 0.448184 0.913214
0.496538 0.402712 0.385311 0.517859 0.516898 0.105298 0.217316 0.720713 0.043060 0.603335
0.873599 0.207378 0.341736 0.899084 0.550677 0.952424 0.274652 0.797969 0.038510 0.027621
0.980004 0.199029 0.065638 0.520644 0.203675 0.078802 0.423311 0.052788 0.355486 0.612636
0.822598 0.779536 0.086802 0.990482 0.438779 0.707824 0.864428 0.263696 0.914116 0.434237
0.048262 0.071710 0.911407 0.907524 0.347782 0.567054 0.058530 0.724688 0.634588 0.144667
0.820493 0.703980 0.895818 0.069770 0.710773 0.759924 0.230375 0.724686 0.160833 0.399555
0.459737 0.218625 0.905735 0.989634 0.090228 0.210040 0.147873 0.980519 0.538359 0.484906
0.237207 0.646233 0.160446 0.662044 0.169676 0.027685 0.419922 0.588704 0.652723 0.411524
0.018962 0.055115 0.766232 0.634514 0.890112 0.092656 0.347633 0.631742 0.055401 0.985060
0.687754 0.518879 0.995693 0.706201 0.593153 0.396516 0.565911 0.327556 0.464883 0.742071
0.116179 0.053001 0.674787 0.315428 0.538753 0.020144 0.054181 0.167430 0.332348 0.214172
0.818617 0.954445 0.978308 0.912421 0.629584 0.277793 0.118629 0.538644 0.699011 0.906187
0.477647 0.665871 0.749675 0.495174 0.189076 0.793397 0.898160 0.896036 0.936562 0.406826
0.680367 0.186112 0.392821 0.770657 0.016545 0.507773 0.285528 0.600108 0.903994 0.272579
0.665504 0.525508 0.451928 0.745170 0.471999 0.625012 0.058917 0.015608 0.338082 0.155275
0.904770 0.045248 0.928880 0.362983 0.519634 0.827770 0.047001 0.179066 0.265973 0.486784
