1 99.593864 99.598572
1 0.560830 0.568457
1 0.525674 0.544332
1 0.524576 0.526208
1 0.513359 0.524619
1 0.482512 0.519098
1 0.467719 0.476050
1 0.452871 0.455402
1 0.451070 0.458166
1 0.449293 0.458467
1 0.448585 0.451292
1 0.432003 0.442551
1 0.429937 0.455942
1 0.429022 0.443654
1 0.428972 0.429877
1 0.428836 0.453612
1 0.428243 0.432473
1 0.424662 0.428781
1 0.422937 0.444090
1 0.422333 0.426818
1 0.421258 0.428971
1 0.418900 0.425044
1 0.415431 0.421515
1 0.411394 0.421048
1 0.411384 0.439059
1 0.409989 0.422267
1 0.402072 0.413149
1 0.399892 0.402614
1 0.398603 0.401304
1 0.394699 0.406951
1 0.394652 0.402614
1 0.391489 0.399245
1 0.388113 0.402392
1 0.382437 0.383338
1 0.380648 0.393759
1 0.377817 0.406921
