1 99.615013 99.616951
1 99.597054 99.628929
1 99.592072 99.610382
1 99.586327 99.661499
1 68.747490 70.150650
1 0.530855 0.545706
1 0.488997 0.493012
1 0.453745 0.490424
1 0.444783 0.449994
1 0.432048 0.441523
1 0.431198 0.439865
1 0.428691 0.472487
1 0.418946 0.420225
1 0.415032 0.431739
1 0.414180 0.430104
1 0.407443 0.408721
1 0.407366 0.410058
1 0.399621 0.414918
1 0.396935 0.423807
1 0.384162 0.399675
1 0.381680 0.389032
1 0.381437 0.405075
1 0.377766 0.412000
1 0.348760 0.355845
1 0.346614 0.346692
1 0.332695 0.341806
1 0.329133 0.333610
1 0.328582 0.335907
1 0.327893 0.331322
1 0.326176 0.349356
1 0.325422 0.327439
1 0.324757 0.327227
1 0.308523 0.328649
1 0.300921 0.312903
