1 99.665993 99.680641
1 99.648262 99.679398
1 99.632164 99.664627
1 99.606911 99.612022
1 99.603004 99.652649
1 0.925785 0.927550
1 0.535080 0.543449
1 0.520009 0.520742
1 0.502461 0.514670
1 0.494144 0.520671
1 0.473849 0.491669
1 0.468437 0.489832
1 0.446514 0.461876
1 0.383941 0.386884
1 0.377526 0.381739
1 0.373114 0.397678
1 0.350227 0.370685
1 0.341670 0.348361
1 0.338720 0.339718
1 0.331916 0.342430
1 0.326411 0.330846
1 0.323764 0.339049
1 0.316598 0.332033
1 0.316021 0.323770
1 0.315338 0.318665
1 0.303722 0.312568
1 0.299469 0.321576
1 0.299309 0.304393
1 0.298151 0.300515
1 0.295020 0.312568
1 0.293316 0.295309
1 0.291730 0.304595
1 0.291593 0.313774
1 0.291139 0.309461
1 0.284290 0.288827
1 0.270789 0.273765
