1 99.611099 99.612732
1 99.591087 99.634918
1 99.590302 99.616776
1 0.573778 0.582563
1 0.554125 0.567980
1 0.550252 0.558813
1 0.546045 0.569645
1 0.538360 0.570390
1 0.533891 0.540190
1 0.526543 0.555349
1 0.518350 0.523871
1 0.515400 0.536527
1 0.508667 0.535989
1 0.503362 0.518916
1 0.484789 0.520128
1 0.483827 0.484616
1 0.481487 0.492265
1 0.467181 0.496189
1 0.437450 0.444054
1 0.419413 0.477672
1 0.416567 0.429469
1 0.410904 0.424421
1 0.410313 0.415449
1 0.400589 0.403224
1 0.399711 0.410056
1 0.392034 0.396934
1 0.391599 0.409968
1 0.385741 0.409425
1 0.380025 0.399895
1 0.368554 0.370894
