1 99.602974 99.603577
1 99.596252 99.607903
1 99.590210 99.590294
1 99.589470 99.601883
1 99.587082 99.626678
1 53.256100 53.576763
1 45.144115 49.251442
1 0.521643 0.523640
1 0.517683 0.523255
1 0.515783 0.524356
1 0.509609 0.525688
1 0.504052 0.516340
1 0.498649 0.530053
1 0.447641 0.460449
1 0.423808 0.427952
1 0.390229 0.397247
1 0.382603 0.398928
1 0.380054 0.381164
1 0.379212 0.379388
1 0.379055 0.379776
1 0.373941 0.384354
1 0.373340 0.379874
1 0.372103 0.379365
1 0.368480 0.370703
1 0.368203 0.381436
1 0.366930 0.372600
1 0.358735 0.361928
1 0.357476 0.362140
1 0.355300 0.363577
1 0.352849 0.354010
1 0.352143 0.352657
1 0.351035 0.360542
1 0.350311 0.369917
1 0.347530 0.357483
1 0.344885 0.348285
1 0.344611 0.345460
1 0.344393 0.357782
1 0.341486 0.357917
1 0.340641 0.344596
1 0.340026 0.340724
1 0.339537 0.372024
1 0.338168 0.344178
1 0.334639 0.335562
1 0.334541 0.336031
1 0.330768 0.358548
1 0.330154 0.333844
1 0.329912 0.344596
1 0.328591 0.377704
1 0.328201 0.329139
1 0.328148 0.344987
1 0.328038 0.337809
1 0.327813 0.330756
1 0.327023 0.331759
1 0.324960 0.338278
1 0.324000 0.349593
1 0.323063 0.337399
1 0.323042 0.337791
1 0.321211 0.332674
1 0.317682 0.347566
1 0.312074 0.327786
1 0.310822 0.318552
1 0.300280 0.317039
1 0.296941 0.304378
1 0.296764 0.296880
1 0.293089 0.317039
1 0.289053 0.299292
1 0.287741 0.290312
