1 99.626404 99.637466
1 0.361415 0.367114
1 0.347277 0.348398
1 0.338419 0.340200
1 0.335762 0.336818
1 0.334861 0.342297
1 0.332799 0.339640
1 0.331875 0.341744
1 0.330818 0.332244
1 0.328577 0.338434
1 0.323806 0.336168
1 0.323483 0.325573
1 0.319103 0.328689
1 0.316284 0.327558
1 0.315882 0.317665
1 0.314966 0.321319
1 0.312885 0.318287
1 0.307936 0.320651
1 0.305388 0.326124
1 0.303349 0.318107
1 0.302072 0.316598
1 0.299671 0.311290
1 0.298660 0.300880
1 0.294434 0.295908
1 0.289514 0.305608
1 0.289088 0.293778
1 0.287930 0.307368
1 0.287654 0.301818
1 0.283833 0.290235
1 0.283433 0.289247
1 0.283177 0.299886
1 0.283121 0.290431
1 0.282924 0.303589
1 0.282706 0.317780
1 0.282138 0.286314
1 0.282134 0.310645
1 0.278464 0.292940
1 0.277195 0.280505
1 0.276459 0.278997
1 0.275082 0.289247
1 0.274175 0.279112
1 0.271568 0.286685
1 0.269676 0.292317
1 0.266804 0.277052
1 0.266506 0.278866
1 0.264207 0.270372
1 0.257331 0.268270
1 0.251344 0.255222
