1 99.618187 99.619576
1 99.598289 99.622078
1 0.705695 0.722575
1 0.624315 0.629735
1 0.610516 0.612168
1 0.595380 0.609472
1 0.584495 0.592670
1 0.581417 0.598105
1 0.576712 0.601578
1 0.568237 0.570968
1 0.564678 0.583621
1 0.552780 0.573781
1 0.513602 0.514283
1 0.502672 0.514373
1 0.485203 0.493090
1 0.481959 0.496307
1 0.473943 0.479351
1 0.461419 0.473169
1 0.460226 0.481241
1 0.458363 0.482939
1 0.445390 0.458532
1 0.440437 0.454778
1 0.439438 0.458390
1 0.434783 0.437119
1 0.434715 0.441440
1 0.428490 0.436883
1 0.423794 0.430683
1 0.422298 0.441111
1 0.416499 0.445627
1 0.408214 0.430072
1 0.407022 0.409939
1 0.394083 0.405635
