1 99.592514 99.601334
1 99.578819 99.603767
1 27.355928 34.687084
1 0.409402 0.410746
1 0.385463 0.393543
1 0.381410 0.399878
1 0.380592 0.384310
1 0.379101 0.380975
1 0.378989 0.404561
1 0.369978 0.377827
1 0.359486 0.387433
1 0.359432 0.371359
1 0.354255 0.367409
1 0.352710 0.362954
1 0.352347 0.372434
1 0.349375 0.351099
1 0.346693 0.350806
1 0.346081 0.359320
1 0.342049 0.342332
1 0.338941 0.340068
1 0.338419 0.343147
1 0.338234 0.347347
1 0.334393 0.338782
1 0.333723 0.342554
1 0.333247 0.343259
1 0.330025 0.340938
1 0.329641 0.333764
1 0.329154 0.336668
1 0.328408 0.341342
1 0.328187 0.338310
1 0.327705 0.340631
1 0.325650 0.333594
1 0.321610 0.325692
1 0.321277 0.321857
1 0.319101 0.333432
1 0.317791 0.324211
1 0.317506 0.321670
1 0.316526 0.324649
1 0.316097 0.317278
1 0.315310 0.321128
1 0.314966 0.327334
1 0.314665 0.317278
1 0.314219 0.322646
1 0.312454 0.316099
1 0.312234 0.321528
1 0.311868 0.332952
1 0.310367 0.319525
1 0.309130 0.310665
1 0.307055 0.323168
1 0.305494 0.313717
1 0.303376 0.324649
1 0.302526 0.320379
1 0.300222 0.302531
1 0.296563 0.314163
1 0.296340 0.298019
1 0.290035 0.300147
1 0.288458 0.309760
