1 99.613945 99.631866
1 99.605118 99.627029
1 99.595619 99.636650
1 99.591034 99.634201
1 99.589645 99.669678
1 76.259613 90.478600
1 0.578098 0.591739
1 0.567193 0.619511
1 0.562425 0.598466
1 0.533288 0.575855
1 0.521171 0.523300
1 0.520015 0.551983
1 0.515762 0.524707
1 0.514741 0.545120
1 0.498954 0.504101
1 0.483805 0.485255
1 0.479138 0.494107
1 0.475192 0.475982
1 0.465505 0.480417
1 0.454018 0.454350
1 0.443018 0.479686
1 0.437962 0.461172
1 0.427232 0.431924
1 0.407844 0.415635
1 0.404171 0.419642
1 0.398238 0.407053
1 0.391024 0.423988
1 0.388972 0.423988
1 0.342309 0.389981
1 0.328576 0.362066
1 0.325882 0.351693
1 0.321260 0.323929
1 0.321046 0.326657
1 0.312439 0.318153
1 0.310766 0.331654
1 0.308675 0.315350
1 0.304960 0.307179
1 0.298566 0.310702
1 0.292045 0.295344
1 0.290580 0.303333
