1 99.623970 99.647766
1 99.612595 99.674576
1 99.590126 99.623276
1 99.581619 99.582520
1 55.300091 61.507294
1 49.513733 50.247334
1 0.549441 0.552508
1 0.497936 0.499591
1 0.494091 0.507342
1 0.472430 0.491895
1 0.469521 0.495515
1 0.454941 0.462367
1 0.444689 0.461771
1 0.442090 0.469465
1 0.422326 0.443595
1 0.412314 0.412698
1 0.398260 0.407157
1 0.396718 0.411436
1 0.387626 0.389735
1 0.350145 0.374822
1 0.348347 0.355154
1 0.344645 0.351277
1 0.343970 0.347390
1 0.343165 0.346458
1 0.341375 0.353230
1 0.340886 0.348309
1 0.335623 0.348259
1 0.334797 0.345562
1 0.333751 0.346791
1 0.331000 0.346325
1 0.330091 0.332568
1 0.326320 0.342662
1 0.324452 0.349059
1 0.321117 0.348887
1 0.315013 0.315137
1 0.312345 0.312829
1 0.310872 0.314101
1 0.310452 0.312469
1 0.309118 0.328893
1 0.305706 0.315137
1 0.302057 0.303374
1 0.300064 0.316818
