1 0.526180 0.535150
1 0.519783 0.522542
1 0.519551 0.521305
1 0.508765 0.519550
1 0.497544 0.526344
1 0.492832 0.496494
1 0.482010 0.492065
1 0.477576 0.499754
1 0.470924 0.482270
1 0.466352 0.482270
1 0.454811 0.468332
1 0.454405 0.490853
1 0.441830 0.443736
1 0.435402 0.466688
1 0.428596 0.449323
1 0.427330 0.427374
1 0.423880 0.424674
1 0.421399 0.423589
1 0.420204 0.436132
1 0.419923 0.444643
1 0.412760 0.422514
1 0.412347 0.419070
1 0.410971 0.413372
1 0.409209 0.423427
1 0.405716 0.411727
1 0.405384 0.417451
1 0.397574 0.406013
1 0.396370 0.410876
1 0.395313 0.435719
1 0.395126 0.411727
1 0.392636 0.404869
1 0.389147 0.397848
1 0.388965 0.398872
1 0.384160 0.391966
1 0.381291 0.395562
1 0.380752 0.409191
1 0.368362 0.375994
1 0.366912 0.375754
1 0.366246 0.377986
1 0.360741 0.371180
1 0.358565 0.367135
1 0.354317 0.373597
