1 99.621140 99.624725
1 99.620544 99.627007
1 99.617889 99.620323
1 99.605301 99.614517
1 99.604683 99.630684
1 99.604301 99.611176
1 99.582664 99.591789
1 99.581673 99.613945
1 99.577904 99.624954
1 72.638031 78.838081
1 65.231628 72.320053
1 56.797142 64.013077
1 0.652120 0.662941
1 0.626256 0.634976
1 0.587103 0.637174
1 0.575630 0.579487
1 0.574548 0.583317
1 0.540003 0.547657
1 0.539807 0.565531
1 0.524613 0.558335
1 0.512452 0.532505
1 0.512201 0.514125
1 0.510688 0.513581
1 0.505053 0.506784
1 0.499995 0.501829
1 0.497652 0.501576
1 0.495028 0.497260
1 0.494219 0.494711
1 0.486098 0.489991
1 0.481966 0.493418
1 0.477911 0.490858
1 0.477454 0.486676
1 0.470537 0.483210
1 0.470471 0.475664
1 0.469397 0.487813
1 0.468302 0.473298
1 0.461253 0.506565
1 0.458331 0.490552
1 0.452374 0.493771
1 0.451454 0.459907
1 0.447214 0.461636
