1 0.520648 0.532728
1 0.515791 0.536280
1 0.508004 0.529080
1 0.494265 0.494608
1 0.477639 0.503317
1 0.475796 0.488994
1 0.471914 0.474334
1 0.457356 0.488194
1 0.454999 0.458011
1 0.449384 0.459220
1 0.442775 0.478506
1 0.440950 0.441298
1 0.435296 0.439307
1 0.426451 0.445145
1 0.423275 0.433085
1 0.421915 0.439566
1 0.419962 0.423389
1 0.415120 0.429854
1 0.412730 0.437367
1 0.409610 0.410029
1 0.408908 0.425770
1 0.408793 0.413131
1 0.408169 0.424169
1 0.407921 0.417639
1 0.400246 0.422560
1 0.399336 0.428136
1 0.398387 0.409351
1 0.395552 0.403797
1 0.392274 0.393697
1 0.389623 0.409238
1 0.388944 0.408739
1 0.387362 0.396064
1 0.385339 0.389305
1 0.383587 0.428136
1 0.383150 0.386014
1 0.380892 0.389620
1 0.380021 0.402415
1 0.377171 0.402415
