1 99.595329 99.621468
1 99.582954 99.585258
1 0.493833 0.494781
1 0.438387 0.438407
1 0.436536 0.444949
1 0.433772 0.439025
1 0.405939 0.408522
1 0.399124 0.422060
1 0.385952 0.399390
1 0.383768 0.395604
1 0.380178 0.385367
1 0.370882 0.374517
1 0.370274 0.390861
1 0.370117 0.398419
1 0.359975 0.371453
1 0.357567 0.385410
1 0.354564 0.363764
1 0.350930 0.385631
1 0.348996 0.382878
1 0.347955 0.384971
1 0.343392 0.356828
1 0.336609 0.388668
1 0.332189 0.346736
1 0.330580 0.392323
1 0.320941 0.329965
1 0.319408 0.325392
1 0.319213 0.324872
1 0.318731 0.329410
1 0.315943 0.331370
1 0.314553 0.330207
1 0.310076 0.311873
1 0.308013 0.316395
1 0.307238 0.318326
1 0.305622 0.318514
1 0.303465 0.319316
1 0.302846 0.305361
1 0.298077 0.324447
1 0.292967 0.308922
1 0.282679 0.306608
1 0.278629 0.293209
1 0.273677 0.278679
1 0.270634 0.273906
