1 99.594673 99.652451
1 99.587418 99.607178
1 99.581856 99.581963
1 99.579826 99.611816
1 99.575912 99.585388
1 0.684291 0.738473
1 0.500786 0.516740
1 0.491856 0.493583
1 0.487513 0.504972
1 0.486004 0.499514
1 0.477080 0.478306
1 0.472946 0.501868
1 0.464731 0.468111
1 0.457687 0.462658
1 0.448527 0.453622
1 0.441865 0.444138
1 0.420654 0.448782
1 0.397183 0.416463
1 0.382673 0.407316
1 0.379352 0.385137
1 0.375626 0.384021
1 0.375252 0.381834
1 0.374860 0.395005
1 0.372001 0.376936
1 0.368852 0.375827
1 0.367774 0.381736
1 0.367660 0.388307
1 0.365997 0.371264
1 0.365736 0.371890
1 0.365047 0.368527
1 0.361571 0.403073
1 0.361354 0.380732
1 0.360794 0.363886
1 0.359038 0.371264
1 0.356141 0.375827
1 0.356127 0.360057
1 0.349429 0.364649
1 0.345321 0.377490
